0.946651	0.005033
0.943590	0.006672
0.940531	0.008306
0.937472	0.009936
0.934415	0.011561
0.931359	0.013181
0.928303	0.014796
0.925249	0.016406
0.922195	0.018011
0.919143	0.019610
0.916091	0.021204
0.913039	0.022793
0.909989	0.024377
0.906939	0.025955
0.903890	0.027527
0.900842	0.029093
0.897794	0.030654
0.894746	0.032209
0.891699	0.033758
0.888653	0.035300
0.885607	0.036837
0.882561	0.038367
0.879516	0.039892
0.876471	0.041409
0.873426	0.042921
0.870381	0.044426
0.867337	0.045924
0.864292	0.047416
0.861248	0.048900
0.858204	0.050378
0.855160	0.051849
0.852115	0.053313
0.849071	0.054770
0.846027	0.056220
0.842982	0.057662
0.839937	0.059097
0.836892	0.060525
0.833847	0.061945
0.830802	0.063358
0.827756	0.064763
0.824709	0.066160
0.821663	0.067549
0.818615	0.068931
0.815568	0.070304
0.812520	0.071670
0.809471	0.073027
0.806421	0.074376
0.803371	0.075717
0.800320	0.077049
0.797269	0.078373
0.794216	0.079689
0.791163	0.080995
0.788109	0.082293
0.785054	0.083582
0.781999	0.084863
0.778942	0.086134
0.775884	0.087396
0.772825	0.088650
0.769765	0.089893
0.766704	0.091128
0.763641	0.092354
0.760578	0.093569
0.757513	0.094776
0.754447	0.095973
0.751379	0.097160
0.748311	0.098337
0.745240	0.099504
0.742169	0.100662
0.739096	0.101809
0.736021	0.102947
0.732945	0.104074
0.729867	0.105191
0.726787	0.106298
0.723706	0.107394
0.720623	0.108480
0.717538	0.109555
0.714452	0.110619
0.711363	0.111673
0.708273	0.112716
0.705181	0.113748
0.702086	0.114769
0.698990	0.115779
0.695892	0.116778
0.692792	0.117766
0.689689	0.118742
0.686584	0.119707
0.683478	0.120660
0.680368	0.121602
0.677257	0.122532
0.674143	0.123451
0.671027	0.124358
0.667909	0.125253
0.664788	0.126136
0.661665	0.127006
0.658539	0.127865
0.655410	0.128712
0.652279	0.129546
0.649145	0.130368
0.646009	0.131178
0.642870	0.131974
0.639728	0.132759
0.636583	0.133530
0.633435	0.134289
0.630285	0.135035
0.627132	0.135769
0.623975	0.136489
0.620816	0.137196
0.617654	0.137890
0.614488	0.138570
0.611320	0.139237
0.608148	0.139891
0.604973	0.140532
0.601795	0.141158
0.598614	0.141772
0.595429	0.142371
0.592241	0.142956
0.589049	0.143528
0.585854	0.144086
0.582656	0.144629
0.579454	0.145159
0.576249	0.145674
0.573040	0.146175
0.569827	0.146662
0.566611	0.147134
0.563391	0.147591
0.560167	0.148034
0.556939	0.148462
0.553708	0.148876
0.550473	0.149274
0.547233	0.149658
0.543990	0.150026
0.540743	0.150380
0.537492	0.150718
0.534237	0.151041
0.530977	0.151349
0.527714	0.151641
0.524446	0.151917
0.521174	0.152178
0.517898	0.152424
0.514618	0.152653
0.511333	0.152867
0.508044	0.153065
0.504750	0.153247
0.501452	0.153412
0.498149	0.153562
0.494842	0.153695
0.491531	0.153812
0.488214	0.153913
0.484893	0.153997
0.481568	0.154064
0.478237	0.154115
0.474902	0.154149
0.471562	0.154166
0.468217	0.154167
0.464867	0.154150
0.461512	0.154116
0.458153	0.154065
0.454788	0.153997
0.451418	0.153912
0.448043	0.153809
0.444663	0.153689
0.441278	0.153551
0.437888	0.153396
0.434492	0.153223
0.431091	0.153032
0.427685	0.152823
0.424273	0.152596
0.420856	0.152352
0.417434	0.152089
0.414006	0.151808
0.410572	0.151508
0.407133	0.151191
0.403688	0.150855
0.400238	0.150500
0.396782	0.150127
0.393320	0.149735
0.389852	0.149324
0.386379	0.148895
0.382900	0.148446
0.379415	0.147979
0.375924	0.147492
0.372427	0.146986
0.368924	0.146461
0.365415	0.145917
0.361899	0.145353
0.358378	0.144770
0.354851	0.144167
0.351317	0.143545
0.347777	0.142903
0.344231	0.142241
0.340679	0.141559
0.337120	0.140857
0.333554	0.140135
0.329983	0.139393
0.326405	0.138631
0.322820	0.137848
0.319229	0.137045
0.315631	0.136222
0.312029	0.135377
0.308424	0.134511
0.304817	0.133624
0.301211	0.132713
0.297607	0.131781
0.294008	0.130824
0.290414	0.129845
0.286827	0.128840
0.283250	0.127812
0.279683	0.126758
0.276129	0.125679
0.272590	0.124573
0.269067	0.123441
0.265561	0.122282
0.262075	0.121096
0.258611	0.119882
0.255170	0.118640
0.251753	0.117368
0.248363	0.116068
0.245002	0.114737
0.241671	0.113377
0.238371	0.111986
0.235105	0.110564
0.231874	0.109110
0.228680	0.107624
0.225525	0.106106
0.222411	0.104555
0.219339	0.102970
0.216311	0.101352
0.213328	0.099699
0.210393	0.098011
0.207507	0.096288
0.204672	0.094530
0.201890	0.092735
0.199163	0.090903
0.196491	0.089035
0.193877	0.087129
0.191323	0.085185
0.188831	0.083202
0.186401	0.081181
0.184037	0.079120
0.181739	0.077019
0.179509	0.074878
0.177350	0.072696
0.175262	0.070472
0.173248	0.068207
0.171309	0.065900
0.169448	0.063551
0.167665	0.061158
0.165962	0.058721
0.164342	0.056242
0.162803	0.053725
0.161347	0.051174
0.159972	0.048594
0.158679	0.045991
0.157469	0.043368
0.156340	0.040730
0.155294	0.038083
0.154329	0.035430
0.153447	0.032778
0.152647	0.030129
0.151929	0.027490
0.151293	0.024865
0.150739	0.022259
0.150267	0.019676
0.149878	0.017122
0.149571	0.014600
0.149346	0.012116
0.149203	0.009675
0.149142	0.007281
0.149163	0.004937
0.149266	0.002645
0.149450	0.000402
0.149713	-0.001790
0.150056	-0.003933
0.150476	-0.006027
0.150975	-0.008073
0.151550	-0.010070
0.152202	-0.012020
0.152929	-0.013923
0.153731	-0.015779
0.154606	-0.017589
0.155555	-0.019353
0.156576	-0.021072
0.157669	-0.022746
0.158833	-0.024375
0.160066	-0.025961
0.161370	-0.027503
0.162742	-0.029002
0.164182	-0.030459
0.165689	-0.031873
0.167262	-0.033246
0.168901	-0.034578
0.170605	-0.035869
0.172374	-0.037120
0.174205	-0.038330
0.176100	-0.039502
0.178056	-0.040634
0.180074	-0.041729
0.182152	-0.042785
0.184290	-0.043803
0.186486	-0.044785
0.188741	-0.045730
0.191053	-0.046639
0.193422	-0.047512
0.195847	-0.048350
0.198328	-0.049153
0.200862	-0.049922
0.203451	-0.050657
0.206092	-0.051358
0.208786	-0.052027
0.211531	-0.052663
0.214326	-0.053267
0.217172	-0.053839
0.220067	-0.054380
0.223010	-0.054891
0.226002	-0.055371
0.229040	-0.055822
0.232124	-0.056243
0.235254	-0.056636
0.238429	-0.057000
0.241647	-0.057336
0.244909	-0.057645
0.248213	-0.057927
0.251560	-0.058182
0.254947	-0.058411
0.258374	-0.058615
0.261841	-0.058793
0.265346	-0.058946
0.268890	-0.059076
0.272471	-0.059181
0.276088	-0.059263
0.279741	-0.059323
0.283430	-0.059359
0.287152	-0.059374
0.290908	-0.059368
0.294697	-0.059340
0.298517	-0.059292
0.302369	-0.059223
0.306252	-0.059135
0.310164	-0.059028
0.314106	-0.058901
0.318075	-0.058757
0.322073	-0.058595
0.326097	-0.058415
0.330147	-0.058218
0.334222	-0.058005
0.338322	-0.057776
0.342445	-0.057531
0.346592	-0.057271
0.350761	-0.056996
0.354952	-0.056708
0.359163	-0.056405
0.363395	-0.056089
0.367645	-0.055761
0.371915	-0.055420
0.376202	-0.055067
0.380506	-0.054702
0.384826	-0.054327
0.389162	-0.053941
0.393513	-0.053545
0.397878	-0.053139
0.402257	-0.052724
0.406647	-0.052301
0.411050	-0.051869
0.415464	-0.051430
0.419888	-0.050983
0.424322	-0.050529
0.428764	-0.050069
0.433215	-0.049602
0.437673	-0.049131
0.442138	-0.048654
0.446608	-0.048173
0.451084	-0.047687
0.455563	-0.047198
0.460047	-0.046705
0.464533	-0.046210
0.469022	-0.045713
0.473511	-0.045213
0.478002	-0.044713
0.482492	-0.044211
0.486982	-0.043709
0.491469	-0.043207
0.495955	-0.042705
0.500437	-0.042204
0.504915	-0.041704
0.509389	-0.041207
0.513858	-0.040711
0.518320	-0.040219
0.522775	-0.039729
0.527223	-0.039243
0.531662	-0.038761
0.536093	-0.038284
0.540513	-0.037812
0.544923	-0.037345
0.549322	-0.036884
0.553708	-0.036430
0.558081	-0.035982
0.562441	-0.035542
0.566787	-0.035109
0.571117	-0.034685
0.575432	-0.034269
0.579730	-0.033862
0.584011	-0.033465
0.588274	-0.033078
0.592517	-0.032702
0.596742	-0.032336
0.600946	-0.031982
0.605128	-0.031640
0.609289	-0.031310
0.613428	-0.030993
0.617543	-0.030689
0.621634	-0.030398
0.625700	-0.030122
0.629741	-0.029861
0.633755	-0.029615
0.637742	-0.029384
0.641702	-0.029169
0.645633	-0.028970
0.649535	-0.028789
0.653408	-0.028623
0.657253	-0.028472
0.661071	-0.028337
0.664862	-0.028215
0.668626	-0.028107
0.672364	-0.028012
0.676077	-0.027929
0.679765	-0.027858
0.683428	-0.027797
0.687068	-0.027746
0.690684	-0.027705
0.694277	-0.027673
0.697848	-0.027650
0.701397	-0.027634
0.704925	-0.027624
0.708432	-0.027621
0.711919	-0.027624
0.715386	-0.027632
0.718833	-0.027644
0.722262	-0.027660
0.725673	-0.027679
0.729066	-0.027700
0.732442	-0.027723
0.735801	-0.027747
0.739144	-0.027772
0.742472	-0.027796
0.745784	-0.027820
0.749082	-0.027842
0.752366	-0.027862
0.755636	-0.027879
0.758893	-0.027892
0.762138	-0.027902
0.765371	-0.027907
0.768592	-0.027906
0.771802	-0.027900
0.775002	-0.027886
0.778192	-0.027865
0.781373	-0.027837
0.784544	-0.027799
0.787708	-0.027753
0.790863	-0.027696
0.794011	-0.027629
0.797153	-0.027550
0.800288	-0.027460
0.803417	-0.027357
0.806541	-0.027241
0.809661	-0.027111
0.812776	-0.026966
0.815887	-0.026806
0.818996	-0.026631
0.822101	-0.026439
0.825205	-0.026230
0.828307	-0.026003
0.831408	-0.025758
0.834508	-0.025493
0.837608	-0.025209
0.840709	-0.024905
0.843810	-0.024580
0.846913	-0.024233
0.850019	-0.023863
0.853126	-0.023471
0.856237	-0.023055
0.859351	-0.022615
0.862470	-0.022149
0.865593	-0.021659
0.868721	-0.021142
0.871854	-0.020598
0.874994	-0.020027
0.878141	-0.019427
0.881295	-0.018799
0.884456	-0.018141
0.887626	-0.017453
0.890804	-0.016735
0.893992	-0.015985
0.897190	-0.015202
0.900398	-0.014388
0.903616	-0.013539
0.906846	-0.012657
0.910088	-0.011740
0.913342	-0.010788
0.916610	-0.009800
0.919890	-0.008775
0.946651	0.005033
