0.906667	0.011667
0.903801	0.014838
0.900943	0.017968
0.898095	0.021056
0.895255	0.024103
0.892424	0.027108
0.889601	0.030073
0.886788	0.032996
0.883983	0.035879
0.881188	0.038721
0.878401	0.041523
0.875623	0.044284
0.872853	0.047006
0.870093	0.049687
0.867342	0.052329
0.864599	0.054931
0.861866	0.057494
0.859141	0.060017
0.856426	0.062501
0.853719	0.064947
0.851021	0.067353
0.848333	0.069721
0.845653	0.072051
0.842982	0.074342
0.840321	0.076595
0.837668	0.078810
0.835025	0.080988
0.832390	0.083128
0.829765	0.085230
0.827149	0.087295
0.824542	0.089323
0.821944	0.091315
0.819355	0.093269
0.816775	0.095187
0.814204	0.097068
0.811643	0.098913
0.809091	0.100722
0.806548	0.102495
0.804014	0.104232
0.801489	0.105934
0.798974	0.107600
0.796468	0.109231
0.793971	0.110827
0.791483	0.112387
0.789005	0.113914
0.786536	0.115405
0.784076	0.116862
0.781626	0.118285
0.779185	0.119673
0.776753	0.121028
0.774331	0.122349
0.771918	0.123636
0.769514	0.124890
0.767120	0.126111
0.764735	0.127298
0.762360	0.128453
0.759994	0.129574
0.757638	0.130663
0.755291	0.131720
0.752953	0.132744
0.750625	0.133737
0.748307	0.134697
0.745998	0.135625
0.743698	0.136522
0.741408	0.137388
0.739128	0.138222
0.736857	0.139025
0.734596	0.139797
0.732344	0.140538
0.730102	0.141249
0.727869	0.141929
0.725647	0.142579
0.723434	0.143199
0.721230	0.143789
0.719036	0.144349
0.716852	0.144879
0.714677	0.145380
0.712513	0.145852
0.710358	0.146294
0.708212	0.146708
0.706077	0.147093
0.703951	0.147449
0.701835	0.147776
0.699729	0.148076
0.697632	0.148347
0.695545	0.148590
0.693468	0.148806
0.691401	0.148994
0.689344	0.149154
0.687297	0.149287
0.685259	0.149393
0.683232	0.149472
0.681214	0.149524
0.679206	0.149550
0.677208	0.149549
0.675221	0.149522
0.673243	0.149468
0.671274	0.149389
0.669316	0.149284
0.667368	0.149153
0.665430	0.148997
0.663502	0.148816
0.661584	0.148609
0.659676	0.148377
0.657778	0.148121
0.655890	0.147840
0.654012	0.147534
0.652145	0.147204
0.650287	0.146850
0.648439	0.146472
0.646602	0.146071
0.644775	0.145645
0.642957	0.145196
0.641150	0.144724
0.639354	0.144229
0.637567	0.143710
0.635791	0.143169
0.634024	0.142605
0.632268	0.142019
0.630523	0.141411
0.628787	0.140780
0.627062	0.140127
0.625347	0.139453
0.623642	0.138756
0.621948	0.138039
0.620264	0.137300
0.618590	0.136540
0.616926	0.135759
0.615273	0.134957
0.613631	0.134134
0.611998	0.133291
0.610376	0.132428
0.608765	0.131544
0.607164	0.130641
0.605573	0.129717
0.603993	0.128774
0.602423	0.127812
0.600864	0.126830
0.599315	0.125829
0.597776	0.124809
0.596248	0.123770
0.594731	0.122713
0.593224	0.121637
0.591728	0.120543
0.590242	0.119430
0.588767	0.118300
0.587302	0.117151
0.585848	0.115986
0.584405	0.114802
0.582972	0.113601
0.581550	0.112384
0.580139	0.111149
0.578738	0.109897
0.577348	0.108629
0.575968	0.107344
0.574599	0.106043
0.573241	0.104725
0.571894	0.103392
0.570557	0.102043
0.569231	0.100678
0.567916	0.099297
0.566612	0.097902
0.565318	0.096491
0.564035	0.095065
0.562763	0.093624
0.561502	0.092169
0.560252	0.090699
0.559012	0.089215
0.557783	0.087717
0.556566	0.086204
0.555359	0.084678
0.554163	0.083138
0.552978	0.081585
0.551803	0.080018
0.550640	0.078438
0.549488	0.076845
0.548347	0.075239
0.547216	0.073621
0.546097	0.071990
0.544988	0.070347
0.543891	0.068691
0.542805	0.067024
0.541729	0.065344
0.540665	0.063653
0.539612	0.061951
0.538570	0.060237
0.537539	0.058512
0.536519	0.056776
0.535510	0.055029
0.534512	0.053272
0.533526	0.051504
0.532550	0.049725
0.531586	0.047936
0.530633	0.046138
0.529691	0.044329
0.528760	0.042511
0.527841	0.040684
0.526932	0.038846
0.526035	0.037000
0.525150	0.035145
0.524275	0.033281
0.523412	0.031408
0.522560	0.029527
0.521719	0.027637
0.520890	0.025739
0.520072	0.023833
0.519265	0.021920
0.518470	0.019998
0.517686	0.018069
0.516913	0.016133
0.516152	0.014190
0.515402	0.012239
0.514664	0.010282
0.513937	0.008318
0.513222	0.006347
0.512517	0.004370
0.511825	0.002387
0.511144	0.000398
0.510474	-0.001597
0.509816	-0.003598
0.509169	-0.005604
0.508534	-0.007616
0.507911	-0.009633
0.507299	-0.011654
0.506699	-0.013681
0.506110	-0.015712
0.505532	-0.017748
0.504967	-0.019789
0.504413	-0.021833
0.503870	-0.023882
0.503340	-0.025934
0.502821	-0.027990
0.502313	-0.030050
0.501818	-0.032113
0.501334	-0.034179
0.500861	-0.036248
0.500401	-0.038321
0.499952	-0.040395
0.499515	-0.042473
0.499089	-0.044552
0.498676	-0.046634
0.498274	-0.048718
0.497884	-0.050804
0.497506	-0.052892
0.497139	-0.054981
0.496785	-0.057071
0.496442	-0.059163
0.496111	-0.061256
0.495792	-0.063349
0.495485	-0.065444
0.495190	-0.067539
0.494907	-0.069634
0.494635	-0.071729
0.494376	-0.073825
0.494128	-0.075920
0.493893	-0.078015
0.493669	-0.080110
0.493458	-0.082204
0.493258	-0.084297
0.493071	-0.086389
0.492895	-0.088480
0.492732	-0.090570
0.492580	-0.092659
0.492441	-0.094746
0.492313	-0.096831
0.492198	-0.098914
0.492095	-0.100995
0.492004	-0.103073
0.491925	-0.105149
0.491858	-0.107223
0.491804	-0.109294
0.491761	-0.111362
0.491731	-0.113427
0.491713	-0.115488
0.491707	-0.117546
0.491714	-0.119601
0.491732	-0.121651
0.491763	-0.123698
0.491806	-0.125741
0.491861	-0.127779
0.491929	-0.129813
0.492009	-0.131842
0.492101	-0.133867
0.492206	-0.135886
0.492323	-0.137901
0.492452	-0.139910
0.492593	-0.141914
0.492747	-0.143912
0.492913	-0.145904
0.493092	-0.147891
0.493283	-0.149871
0.493487	-0.151845
0.493703	-0.153813
0.493931	-0.155774
0.494172	-0.157728
0.494425	-0.159675
0.494691	-0.161616
0.494969	-0.163549
0.495260	-0.165474
0.495563	-0.167392
0.495879	-0.169302
0.496208	-0.171204
0.496548	-0.173099
0.496902	-0.174984
0.497268	-0.176862
0.497647	-0.178731
0.498038	-0.180591
0.498442	-0.182442
0.498858	-0.184284
0.499288	-0.186117
0.499729	-0.187940
0.500184	-0.189754
0.500651	-0.191558
0.501131	-0.193352
0.501624	-0.195136
0.502129	-0.196910
0.502647	-0.198673
0.503178	-0.200426
0.503721	-0.202168
0.504278	-0.203899
0.504847	-0.205619
0.505429	-0.207328
0.506023	-0.209025
0.506631	-0.210711
0.507251	-0.212385
0.507884	-0.214047
0.508531	-0.215697
0.509190	-0.217334
0.509861	-0.218960
0.510546	-0.220572
0.511244	-0.222172
0.511954	-0.223759
0.512678	-0.225333
0.513414	-0.226894
0.514164	-0.228441
0.514926	-0.229975
0.515702	-0.231495
0.516490	-0.233001
0.517291	-0.234493
0.518106	-0.235971
0.518933	-0.237434
0.519774	-0.238883
0.520627	-0.240317
0.521494	-0.241736
0.522374	-0.243140
0.523267	-0.244528
0.524173	-0.245902
0.525092	-0.247260
0.526024	-0.248602
0.526969	-0.249928
0.527928	-0.251238
0.528899	-0.252531
0.529884	-0.253809
0.530882	-0.255070
0.531894	-0.256314
0.532918	-0.257541
0.533956	-0.258751
0.535007	-0.259944
0.536072	-0.261119
0.537149	-0.262277
0.538240	-0.263417
0.539344	-0.264540
0.540462	-0.265644
0.541593	-0.266730
0.542737	-0.267797
0.543894	-0.268846
0.545065	-0.269877
0.546249	-0.270888
0.547447	-0.271880
0.548658	-0.272853
0.549883	-0.273807
0.551121	-0.274741
0.552372	-0.275655
0.553637	-0.276550
0.554915	-0.277424
0.556207	-0.278278
0.557512	-0.279112
0.558831	-0.279925
0.560163	-0.280718
0.561509	-0.281490
0.562869	-0.282240
0.564242	-0.282969
0.565628	-0.283677
0.567028	-0.284364
0.568442	-0.285028
0.569869	-0.285671
0.571310	-0.286292
0.572765	-0.286890
0.574233	-0.287466
0.575715	-0.288020
0.577210	-0.288551
0.578719	-0.289059
0.580242	-0.289543
0.581779	-0.290005
0.583329	-0.290443
0.584893	-0.290858
0.586471	-0.291249
0.588063	-0.291616
0.589668	-0.291959
0.591287	-0.292278
0.592920	-0.292573
0.594567	-0.292842
0.596228	-0.293088
0.597902	-0.293308
0.599590	-0.293503
0.601293	-0.293673
0.603009	-0.293818
0.604739	-0.293937
0.606482	-0.294030
0.608240	-0.294098
0.610012	-0.294139
0.611797	-0.294155
0.613597	-0.294144
0.615410	-0.294106
0.617238	-0.294042
0.619079	-0.293950
0.620935	-0.293832
0.622804	-0.293687
0.624688	-0.293514
0.626585	-0.293313
0.628497	-0.293085
0.630422	-0.292829
0.632362	-0.292545
0.634316	-0.292233
0.636284	-0.291892
0.638266	-0.291523
0.640262	-0.291125
0.642272	-0.290699
0.644297	-0.290243
0.646336	-0.289758
0.648388	-0.289244
0.650455	-0.288700
0.652537	-0.288126
0.654632	-0.287523
0.656742	-0.286889
0.658866	-0.286226
0.661004	-0.285532
0.663156	-0.284807
0.665323	-0.284052
0.667504	-0.283266
0.669699	-0.282449
0.671909	-0.281600
0.674133	-0.280721
0.676371	-0.279810
0.678624	-0.278867
0.680891	-0.277892
0.683172	-0.276885
0.685468	-0.275846
0.687778	-0.274775
0.690103	-0.273671
0.692442	-0.272534
0.694795	-0.271365
0.697163	-0.270162
0.699546	-0.268927
0.701943	-0.267658
0.704354	-0.266355
0.706780	-0.265019
0.709220	-0.263649
0.711675	-0.262245
0.714145	-0.260806
0.716629	-0.259334
0.719128	-0.257827
0.721641	-0.256285
0.724169	-0.254708
0.726711	-0.253096
0.729268	-0.251449
0.731840	-0.249767
0.734426	-0.248049
0.737027	-0.246296
0.739643	-0.244507
0.742273	-0.242681
0.744919	-0.240820
0.747578	-0.238922
0.750253	-0.236988
0.752942	-0.235017
0.755646	-0.233009
0.758365	-0.230964
0.761098	-0.228882
0.763847	-0.226762
0.766610	-0.224605
0.769388	-0.222411
0.772181	-0.220178
0.774988	-0.217908
0.777811	-0.215599
0.780648	-0.213252
0.783500	-0.210867
0.786367	-0.208443
0.789249	-0.205980
0.792146	-0.203478
0.795058	-0.200936
0.797985	-0.198356
0.800926	-0.195736
0.803883	-0.193076
0.806855	-0.190376
0.809841	-0.187637
0.812843	-0.184857
0.815860	-0.182037
0.818891	-0.179177
0.821938	-0.176275
0.825000	-0.173333
0.906667	0.011667
